org/apache/commons/compress/archivers/zip/ZipArchiveOutputStream/writeLocalFileHeader(org.apache.commons.compress.archivers.zip.ZipArchiveEntry)@g_commons-compress-1.5.jar.txt	0
org/apache/commons/compress/archivers/zip/ZipArchiveOutputStream/writeCentralFileHeader(org.apache.commons.compress.archivers.zip.ZipArchiveEntry)@g_commons-compress-1.9.jar.txt	4
org/apache/commons/compress/archivers/zip/ZipArchiveOutputStream/writeLocalFileHeader(org.apache.commons.compress.archivers.zip.ZipArchiveEntry)@g_commons-compress-1.9.jar.txt	3
org/apache/commons/compress/archivers/zip/ZipArchiveOutputStream/handleSizesAndCrc(long,long,org.apache.commons.compress.archivers.zip.Zip64Mode)@g_commons-compress-1.5.jar.txt	2
org/apache/commons/compress/archivers/zip/ZipArchiveOutputStream/writeCentralFileHeader(org.apache.commons.compress.archivers.zip.ZipArchiveEntry)@g_commons-compress-1.5.jar.txt	1
