com/jmatio/io/MatFileInputStream/readFloat()@g_jmatio-1.0.jar.txt	3
com/healthmarketscience/jackcess/impl/OfficeCryptCodecHandler/create(com.healthmarketscience.jackcess.PasswordCallback,com.healthmarketscience.jackcess.impl.PageChannel,java.nio.charset.Charset)@g_jackcess-encrypt-2.1.2.jar.txt	0
com/jmatio/io/MatFileInputStream/readShort()@g_jmatio-1.0.jar.txt	4
com/healthmarketscience/jackcess/impl/office/EncryptionHeader/read(java.nio.ByteBuffer,java.util.Set,java.util.Set)@g_jackcess-encrypt-2.1.2.jar.txt	1
com/jmatio/io/MatFileInputStream/readByte()@g_jmatio-1.0.jar.txt	2
