java/util/List/toArray(T[])
