org/apache/commons/lang/time/FastDateFormat/getDateInstance(int,java.util.TimeZone,java.util.Locale)@g_commons-lang-2.3.jar.txt	2
org/apache/commons/lang/time/FastDateFormat/getDateTimeInstance(int,int,java.util.TimeZone,java.util.Locale)@g_commons-lang-2.3.jar.txt	3
org/apache/commons/lang/time/FastDateFormat/getTimeInstance(int,java.util.TimeZone,java.util.Locale)@g_commons-lang-2.4.jar.txt	1
org/apache/commons/lang/time/FastDateFormat/getTimeInstance(int,java.util.TimeZone,java.util.Locale)@g_commons-lang-2.3.jar.txt	0
org/apache/commons/lang/time/FastDateFormat/getDateInstance(int,java.util.TimeZone,java.util.Locale)@g_commons-lang-2.4.jar.txt	4
