org/springframework/context/event/AbstractApplicationEventMulticaster/retrieveApplicationListeners(org.springframework.context.ApplicationEvent,java.lang.Class,org.springframework.context.event.AbstractApplicationEventMulticaster$ListenerRetriever)@g_spring-context-4.0.7.RELEASE.jar.txt	3
org/springframework/context/support/ResourceBundleMessageSource/MessageSourceControl/newBundle(java.lang.String,java.util.Locale,java.lang.String,java.lang.ClassLoader,boolean)@g_spring-context-4.0.6.RELEASE.jar.txt	1
org/springframework/context/support/ResourceBundleMessageSource/MessageSourceControl/newBundle(java.lang.String,java.util.Locale,java.lang.String,java.lang.ClassLoader,boolean)@g_spring-context-4.0.7.RELEASE.jar.txt	0
org/springframework/scheduling/annotation/ScheduledAnnotationBeanPostProcessor/onApplicationEvent(org.springframework.context.event.ContextRefreshedEvent)@g_spring-context-4.0.7.RELEASE.jar.txt	2
org/springframework/context/annotation/AnnotationBeanNameGenerator/determineBeanNameFromAnnotation(org.springframework.beans.factory.annotation.AnnotatedBeanDefinition)@g_spring-context-4.0.7.RELEASE.jar.txt	4
