storm/cookbook/log/TestIndexerBolt/StoringMatcher/StoringMatcher()
storm/cookbook/log/TestIndexerBolt/StoringMatcher/getLastValue()
storm/cookbook/log/IndexerBolt/execute(storm.cookbook.log.Tuple)
java/util/HashMap/HashMap()
