0	javax/faces/component/UIInput/setValueExpression(java.lang.String,javax.el.ValueExpression)
1	java/util/Iterator/hasNext()
2	java/lang/Object/toString()
3	java/lang/StringBuilder/toString()
4	javax/el/ValueExpression/isLiteralText()
5	java/lang/StringBuilder/append(java.lang.String)
6	java/util/List/isEmpty()
7	java/util/Map$Entry/getKey()
8	java/util/List/iterator()
9	java/lang/StringBuilder/append(java.lang.Object)
10	java/util/Iterator/next()
11	java/lang/IllegalStateException/IllegalStateException(java.lang.String)
12	java/lang/StringBuilder/StringBuilder()
13	java/lang/Class/getName()
14	java/lang/Class/newInstance()
15	java/util/Map/entrySet()
16	java/util/Set/iterator()
17	java/util/List/remove(int)
18	java/lang/Object/equals(java.lang.Object)
19	java/util/Map$Entry/getValue()
20	javax/faces/component/UIInput/setConverter(javax.faces.convert.Converter)
21	java/util/List/indexOf(java.lang.Object)
22	java/util/Iterator/remove()
23	javax/el/ValueExpression/getExpressionString()
